%YAML:1.0
---
calibration_time: "Wed 13 Nov 2019 01:13:51 PM CET"
image_width: 640
image_height: 480
flags: 0
camera_matrix: !!opencv-matrix
   rows: 3
   cols: 3
   dt: d
   data: [ 5.0264878831271250e+02, 0., 3.2797405260685701e+02, 0.,
       5.0155909934259500e+02, 2.2660306616468793e+02, 0., 0., 1. ]
distortion_coefficients: !!opencv-matrix
   rows: 1
   cols: 5
   dt: d
   data: [ 2.2902015430333000e-01, -5.1999697233160669e-01,
       -1.1185353828475918e-02, 6.5646859994543752e-04,
       3.4463663138200168e-01 ]
avg_reprojection_error: 2.1231138499549637e-01
